power_w,runtime_us,n_kernels
137.58,2.592,2
